[Global]
Pop=50
Seed=485379458
Algo=Neat
[Genetic]
Elite=2
Alpha=4
Beta=4
Mutate=0.119999997317791
Invert=0.100000001490116
Splits=7
Winner=3000
CumulFit=1
EliteClone=1
[Neural]
NSize=16
MinVal=-1
MaxVal=1
MinAct=0.100000001490116
ActMag=100
ScaleDw=1
ConstMag=1
StepFun=0
[RL]
LRate=0.0500000007450581
LRDev=0.0399999991059303
LRUp=0.0500000007450581
Epsilon=0.200000002980232
Kappa=0.00999999977648258
AxCharge=0.0500000007450581
